
100112101

100112102

100112103

100112104

100112105

100112106

100112107

100112108

100112109

100112110

100112111

100112112

100112113

100112114

100112115

100112116

100112117

100112118

100112119

100112120

100112121

100112122

100112123

100112124

100112125

100112126

100112127

100112128

100112129

100112130

100112131

100112132

100112133

100112134

100112135

100112136

100112137

100112138

100112139

100112140

100112141

100112142

100112143

100112144

100112145

100112146

100112147

100112148

100112149

100112150

100112151

100112152

100112153

100112154

100112155

100112156

100112157

100112158

100112159

100112160

100112161

100112162

100112163

100112164

100112165

100112166

100112167

100112168

100112169

100112170

100112171

100112172

100112173

100112174

100112175

100112176

100112177

100112178

100112179

100112180

100112181

100112182

100112183

100112184

100112185

100112186

100112187

100112188

100112189

100112190

100112191

100112192

100112193

100112194

100112195

100112196

100112197

100112198

100112199

100112200

100112201

100112202

100112203

100112204

100112205

100112206

100112207

100112208

100112209

100112210

100112211

100112212

100112213

100112214

100112215

100112216

100112217

100112218

100112219

100112220

100112221

100112222

100112223

100112224

100112225

100112226

100112227

100112228

100112229

100112230

100112231

100112232

100112233

100112234

100112235

100112236

100112237

100112238

100112239

100112240

100112241

100112242

100112243

100112244

100112245

100112246

100112247

100112248

100112249

100112250

100112251

100112252

100112253

100112254

100112255

100112256

100112257

100112258

100112259

100112260

100112261

100112262

100112263

100112264

100112265

100112266

100112267

100112268

100112269

100112270

100112271

100112272

100112273

100112274

100112275

100112276

100112277

100112278

100112279

100112280

100112281

100112282

100112283

100112284

100112285

100112286

100112287

100112288

100112289

100112290

100112291

100112292

100112293

100112294

100112295

100112296

100112297

100112298

100112299

100112300

100112301

100112302

100112303

100112304

100112305

100112306

100112307

100112308

100112309

100112310

100112311

100112312

100112313

100112314

100112315

100112316

100112317

100112318

100112319

100112320

100112321

100112322

100112323

100112324

100112325

100112326

100112327

100112328

100112329

100112330

100112331

100112332

100112333

100112334

100112335

100112336

100112337

100112338

100112339

100112340

100112341

100112342

100112343

100112344

100112345

100112346

100112347

100112348

100112349

100112350

100112351

100112352

100112353

100112354

100112355

100112356

100112357

100112358

100112359

100112360

100112361

100112362

100112363

100112364

100112365

100112366

100112367

100112368

100112369

100112370

100112371

100112372

100112373

100112374

100112375

100112376

100112377

100112378

100112379

100112380

100112381

100112382

100112383

100112384

100112385

100112386

100112387

100112388

100112389

100112390

100112391

100112392

100112393

100112394

100112395

100112396

100112397

100112398

100112399

100112400

100112401

100112402

100112403

100112404

100112405

100112406

100112407

100112408

100112409

100112410

100112411

100112412

100112413

100112414

100112415

100112416

100112417

100112418

100112419

100112420

100112421

100112422

100112423

100112424

100112425

100112426

100112427

100112428

100112429

100112430

100112431

100112432

100112433

100112434

100112435

100112436

100112437

100112438

100112439

100112440

100112441

100112442

100112443

100112444

100112445

100112446

100112447

100112448

100112449

100112450

100112451

100112452

100112453

100112454

100112455

100112456

100112457

100112458

100112459

100112460

100112461

100112462

100112463

100112464

100112465

100112466

100112467

100112468

100112469

100112470

100112471

100112472

100112473

100112474

100112475

100112476

100112477

100112478

100112479

100112480

100112481

100112482

100112483

100112484

100112485

100112486

100112487

100112488

100112489

100112490

100112491

100112492

100112493

100112494

100112495

100112496

100112497

100112498

100112499

100112500

100112501

100112502

100112503

100112504

100112505

100112506

100112507

100112508

100112509

100112510

100112511

100112512

100112513

100112514

100112515

100112516

100112517

100112518

100112519

100112520

100112521

100112522

100112523

100112524

100112525

100112526

100112527

100112528

100112529

100112530

100112531

100112532

100112533

100112534

100112535

100112536

100112537

100112538

100112539

100112540

100112541

100112542

100112543

100112544

100112545

100112546

100112547

100112548

100112549

100112550

100112551

100112552

100112553

100112554

100112555

100112556

100112557

100112558

100112559

100112560

100112561

100112562

100112563

100112564

100112565

100112566

100112567

100112568

100112569

100112570

100112571

100112572

100112573

100112574

100112575

100112576

100112577

100112578

100112579

100112580

100112581

100112582

100112583

100112584

100112585

100112586

100112587

100112588

100112589

100112590

100112591

100112592

100112593

100112594

100112595

100112596

100112597

100112598

100112599

100112600

100112601

100112602

100112603

100112604

100112605

100112606

100112607

100112608

100112609

100112610

100112611

100112612

100112613

100112614

100112615

100112616

100112617

100112618

100112619

100112620

100112621

100112622

100112623

100112624

100112625

100112626

100112627

100112628

100112629

100112630

100112631

100112632

100112633

100112634

100112635

100112636

100112637

100112638

100112639

100112640

100112641

100112642

100112643

100112644

100112645

100112646

100112647

100112648

100112649

100112650

100112651

100112652

100112653

100112654

100112655

100112656

100112657

100112658

100112659

100112660

100112661

100112662

100112663

100112664

100112665

100112666

100112667

100112668

100112669

100112670

100112671

100112672

100112673

100112674

100112675

100112676

100112677

100112678

100112679

100112680

100112681

100112682

100112683

100112684

100112685

100112686

100112687

100112688

100112689

100112690

100112691

100112692

100112693

100112694

100112695

100112696

100112697

100112698

100112699

100112700

100112701

100112702

100112703

100112704

100112705

100112706

100112707

100112708

100112709

100112710

100112711

100112712

100112713

100112714

100112715

100112716

100112717

100112718

100112719

100112720

100112721

100112722

100112723

100112724

100112725

100112726

100112727

100112728

100112729

100112730

100112731

100112732

100112733

100112734

100112735

100112736

100112737

100112738

100112739

100112740

100112741

100112742

100112743

100112744

100112745

100112746

100112747

100112748

100112749

100112750

100112751

100112752

100112753

100112754

100112755

100112756

100112757

100112758

100112759

100112760

100112761

100112762

100112763

100112764

100112765

100112766

100112767

100112768

100112769

100112770

100112771

100112772

100112773

100112774

100112775

100112776

100112777

100112778

100112779

100112780

100112781

100112782

100112783

100112784

100112785

100112786

100112787

100112788

100112789

100112790

100112791

100112792

100112793

100112794

100112795

100112796

100112797

100112798

100112799

100112800

100112801

100112802

100112803

100112804

100112805

100112806

100112807

100112808

100112809

100112810

100112811

100112812

100112813

100112814

100112815

100112816

100112817

100112818

100112819

100112820

100112821

100112822

100112823

100112824

100112825

100112826

100112827

100112828

100112829

100112830

100112831

100112832

100112833

100112834

100112835

100112836

100112837

100112838

100112839

100112840

100112841

100112842

100112843

100112844

100112845

100112846

100112847

100112848

100112849

100112850

100112851

100112852

100112853

100112854

100112855

100112856

100112857

100112858

100112859

100112860

100112861

100112862

100112863

100112864

100112865

100112866

100112867

100112868

100112869

100112870

100112871

100112872

100112873

100112874

100112875

100112876

100112877

100112878

100112879

100112880

100112881

100112882

100112883

100112884

100112885

100112886

100112887

100112888

100112889

100112890

100112891

100112892

100112893

100112894

100112895

100112896

100112897

100112898

100112899

100112900

100112901

100112902

100112903

100112904

100112905

100112906

100112907

100112908

100112909

100112910

100112911

100112912

100112913

100112914

100112915

100112916

100112917

100112918

100112919

100112920

100112921

100112922

100112923

100112924

100112925

100112926

100112927

100112928

100112929

100112930

100112931

100112932

100112933

100112934

100112935

100112936

100112937

100112938

100112939

100112940

100112941

100112942

100112943

100112944

100112945

100112946

100112947

100112948

100112949

100112950

100112951

100112952

100112953

100112954

100112955

100112956

100112957

100112958

100112959

100112960

100112961

100112962

100112963

100112964

100112965

100112966

100112967

100112968

100112969

100112970

100112971

100112972

100112973

100112974

100112975

100112976

100112977

100112978

100112979

100112980

100112981

100112982

100112983

100112984

100112985

100112986

100112987

100112988

100112989

100112990

100112991

100112992

100112993

100112994

100112995

100112996

100112997

100112998

100112999

100113000

100080801

100080802

100080803

100080804

100080805

100080806

100080807

100080808

100080809

100080810

100080811

100080812

100080813

100080814

100080815

100080816

100080817

100080818

100080819

100080820

100080821

100080822

100080823

100080824

100080825

100080826

100080827

100080828

100080829

100080830

100080831

100080832

100080833

100080834

100080835

100080836

100080837

100080838

100080839

100080840

100080841

100080842

100080843

100080844

100080845

100080846

100080847

100080848

100080849

100080850

100080851

100080852

100080853

100080854

100080855

100080856

100080857

100080858

100080859

100080860

100080861

100080862

100080863

100080864

100080865

100080866

100080867

100080868

100080869

100080870

100080871

100080872

100080873

100080874

100080875

100080876

100080877

100080878

100080879

100080880

100080881

100080882

100080883

100080884

100080885

100080886

100080887

100080888

100080889

100080890

100080891

100080892

100080893

100080894

100080895

100080896

100080897

100080898

100080899

100080900

100080901

100080902

100080903

100080904

100080905

100080906

100080907

100080908

100080909

100080910

100080911

100080912

100080913

100080914

100080915

100080916

100080917

100080918

100080919

100080920

100080921

100080922

100080923

100080924

100080925

100080926

100080927

100080928

100080929

100080930

100080931

100080932

100080933

100080934

100080935

100080936

100080937

100080938

100080939

100080940

100080941

100080942

100080943

100080944

100080945

100080946

100080947

100080948

100080949

100080950

100080951

100080952

100080953

100080954

100080955

100080956

100080957

100080958

100080959

100080960

100080961

100080962

100080963

100080964

100080965

100080966

100080967

100080968

100080969

100080970

100080971

100080972

100080973

100080974

100080975

100080976

100080977

100080978

100080979

100080980

100080981

100080982

100080983

100080984

100080985

100080986

100080987

100080988

100080989

100080990

100080991

100080992

100080993

100080994

100080995

100080996

100080997

100080998

100080999

100081000

100066601

100066602

100066603

100066604

100066605

100066606

100066607

100066608

100066609

100066610

100066611

100066612

100066613

100066614

100066615

100066616

100066617

100066618

100066619

100066620

100066621

100066622

100066623

100066624

100066625

100066626

100066627

100066628

100066629

100066630

100066631

100066632

100066633

100066634

100066635

100066636

100066637

100066638

100066639

100066640

100066641

100066642

100066643

100066644

100066645

100066646

100066647

100066648

100066649

100066650

100066651

100066652

100066653

100066654

100066655

100066656

100066657

100066658

100066659

100066660

100066661

100066662

100066663

100066664

100066665

100066666

100066667

100066668

100066669

100066670

100066671

100066672

100066673

100066674

100066675

100066676

100066677

100066678

100066679

100066680

100066681

100066682

100066683

100066684

100066685

100066686

100066687

100066688

100066689

100066690

100066691

100066692

100066693

100066694

100066695

100066696

100066697

100066698

100066699

100066700

100066701

100066702

100066703

100066704

100066705

100066706

100066707

100066708

100066709

100066710

100066711

100066712

100066713

100066714

100066715

100066716

100066717

100066718

100066719

100066720

100066721

100066722

100066723

100066724

100066725

100066726

100066727

100066728

100066729

100066730

100066731

100066732

100066733

100066734

100066735

100066736

100066737

100066738

100066739

100066740

100066741

100066742

100066743

100066744

100066745

100066746

100066747

100066748

100066749

100066750

100066751

100066752

100066753

100066754

100066755

100066756

100066757

100066758

100066759

100066760

100066761

100066762

100066763

100066764

100066765

100066766

100066767

100066768

100066769

100066770

100066771

100066772

100066773

100066774

100066775

100066776

100066777

100066778

100066779

100066780

100066781

100066782

100066783

100066784

100066785

100066786

100066787

100066788

100066789

100066790

100066791

100066792

100066793

100066794

100066795

100066796

100066797

100066798

100066799

100066800

100064101

100064102

100064103

100064104

100064105

100064106

100064107

100064108

100064109

100064110

100064111

100064112

100064113

100064114

100064115

100064116

100064117

100064118

100064119

100064120

100064121

100064122

100064123

100064124

100064125

100064126

100064127

100064128

100064129

100064130

100064131

100064132

100064133

100064134

100064135

100064136

100064137

100064138

100064139

100064140

100064141

100064142

100064143

100064144

100064145

100064146

100064147

100064148

100064149

100064150

100064151

100064152

100064153

100064154

100064155

100064156

100064157

100064158

100064159

100064160

100064161

100064162

100064163

100064164

100064165

100064166

100064167

100064168

100064169

100064170

100064171

100064172

100064173

100064174

100064175

100064176

100064177

100064178

100064179

100064180

100064181

100064182

100064183

100064184

100064185

100064186

100064187

100064188

100064189

100064190

100064191

100064192

100064193

100064194

100064195

100064196

100064197

100064198

100064199

100064200

100064201

100064202

100064203

100064204

100064205

100064206

100064207

100064208

100064209

100064210

100064211

100064212

100064213

100064214

100064215

100064216

100064217

100064218

100064219

100064220

100064221

100064222

100064223

100064224

100064225

100064226

100064227

100064228

100064229

100064230

100064231

100064232

100064233

100064234

100064235

100064236

100064237

100064238

100064239

100064240

100064241

100064242

100064243

100064244

100064245

100064246

100064247

100064248

100064249

100064250

100064251

100064252

100064253

100064254

100064255

100064256

100064257

100064258

100064259

100064260

100064261

100064262

100064263

100064264

100064265

100064266

100064267

100064268

100064269

100064270

100064271

100064272

100064273

100064274

100064275

100064276

100064277

100064278

100064279

100064280

100064281

100064282

100064283

100064284

100064285

100064286

100064287

100064288

100064289

100064290

100064291

100064292

100064293

100064294

100064295

100064296

100064297

100064298

100064299

100064300

100064301

100064302

100064303

100064304

100064305

100064306

100064307

100064308

100064309

100064310

100064311

100064312

100064313

100064314

100064315

100064316

100064317

100064318

100064319

100064320

100064321

100064322

100064323

100064324

100064325

100064326

100064327

100064328

100064329

100064330

100064331

100064332

100064333

100064334

100064335

100064336

100064337

100064338

100064339

100064340

100064341

100064342

100064343

100064344

100064345

100064346

100064347

100064348

100064349

100064350

100064351

100064352

100064353

100064354

100064355

100064356

100064357

100064358

100064359

100064360

100064361

100064362

100064363

100064364

100064365

100064366

100064367

100064368

100064369

100064370

100064371

100064372

100064373

100064374

100064375

100064376

100064377

100064378

100064379

100064380

100064381

100064382

100064383

100064384

100064385

100064386

100064387

100064388

100064389

100064390

100064391

100064392

100064393

100064394

100064395

100064396

100064397

100064398

100064399

100064400

100064401

100064402

100064403

100064404

100064405

100064406

100064407

100064408

100064409

100064410

100064411

100064412

100064413

100064414

100064415

100064416

100064417

100064418

100064419

100064420

100064421

100064422

100064423

100064424

100064425

100064426

100064427

100064428

100064429

100064430

100064431

100064432

100064433

100064434

100064435

100064436

100064437

100064438

100064439

100064440

100064441

100064442

100064443

100064444

100064445

100064446

100064447

100064448

100064449

100064450

100064451

100064452

100064453

100064454

100064455

100064456

100064457

100064458

100064459

100064460

100064461

100064462

100064463

100064464

100064465

100064466

100064467

100064468

100064469

100064470

100064471

100064472

100064473

100064474

100064475

100064476

100064477

100064478

100064479

100064480

100064481

100064482

100064483

100064484

100064485

100064486

100064487

100064488

100064489

100064490

100064491

100064492

100064493

100064494

100064495

100064496

100064497

100064498

100064499

100064500

100064501

100064502

100064503

100064504

100064505

100064506

100064507

100064508

100064509

100064510

100064511

100064512

100064513

100064514

100064515

100064516

100064517

100064518

100064519

100064520

100064521

100064522

100064523

100064524

100064525

100064526

100064527

100064528

100064529

100064530

100064531

100064532

100064533

100064534

100064535

100064536

100064537

100064538

100064539

100064540

100064541

100064542

100064543

100064544

100064545

100064546

100064547

100064548

100064549

100064550

100064551

100064552

100064553

100064554

100064555

100064556

100064557

100064558

100064559

100064560

100064561

100064562

100064563

100064564

100064565

100064566

100064567

100064568

100064569

100064570

100064571

100064572

100064573

100064574

100064575

100064576

100064577

100064578

100064579

100064580

100064581

100064582

100064583

100064584

100064585

100064586

100064587

100064588

100064589

100064590

100064591

100064592

100064593

100064594

100064595

100064596

100064597

100064598

100064599

100064600

100064601

100064602

100064603

100064604

100064605

100064606

100064607

100064608

100064609

100064610

100064611

100064612

100064613

100064614

100064615

100064616

100064617

100064618

100064619

100064620

100064621

100064622

100064623

100064624

100064625

100064626

100064627

100064628

100064629

100064630

100064631

100064632

100064633

100064634

100064635

100064636

100064637

100064638

100064639

100064640

100064641

100064642

100064643

100064644

100064645

100064646

100064647

100064648

100064649

100064650

100064651

100064652

100064653

100064654

100064655

100064656

100064657

100064658

100064659

100064660

100064661

100064662

100064663

100064664

100064665

100064666

100064667

100064668

100064669

100064670

100064671

100064672

100064673

100064674

100064675

100064676

100064677

100064678

100064679

100064680

100064681

100064682

100064683

100064684

100064685

100064686

100064687

100064688

100064689

100064690

100064691

100064692

100064693

100064694

100064695

100064696

100064697

100064698

100064699

100064700

100064701

100064702

100064703

100064704

100064705

100064706

100064707

100064708

100064709

100064710

100064711

100064712

100064713

100064714

100064715

100064716

100064717

100064718

100064719

100064720

100064721

100064722

100064723

100064724

100064725

100064726

100064727

100064728

100064729

100064730

100064731

100064732

100064733

100064734

100064735

100064736

100064737

100064738

100064739

100064740

100064741

100064742

100064743

100064744

100064745

100064746

100064747

100064748

100064749

100064750

100064751

100064752

100064753

100064754

100064755

100064756

100064757

100064758

100064759

100064760

100064761

100064762

100064763

100064764

100064765

100064766

100064767

100064768

100064769

100064770

100064771

100064772

100064773

100064774

100064775

100064776

100064777

100064778

100064779

100064780

100064781

100064782

100064783

100064784

100064785

100064786

100064787

100064788

100064789

100064790

100064791

100064792

100064793

100064794

100064795

100064796

100064797

100064798

100064799

100064800

100064801

100064802

100064803

100064804

100064805

100064806

100064807

100064808

100064809

100064810

100064811

100064812

100064813

100064814

100064815

100064816

100064817

100064818

100064819

100064820

100064821

100064822

100064823

100064824

100064825

100064826

100064827

100064828

100064829

100064830

100064831

100064832

100064833

100064834

100064835

100064836

100064837

100064838

100064839

100064840

100064841

100064842

100064843

100064844

100064845

100064846

100064847

100064848

100064849

100064850

100064851

100064852

100064853

100064854

100064855

100064856

100064857

100064858

100064859

100064860

100064861

100064862

100064863

100064864

100064865

100064866

100064867

100064868

100064869

100064870

100064871

100064872

100064873

100064874

100064875

100064876

100064877

100064878

100064879

100064880

100064881

100064882

100064883

100064884

100064885

100064886

100064887

100064888

100064889

100064890

100064891

100064892

100064893

100064894

100064895

100064896

100064897

100064898

100064899

100064900

100064901

100064902

100064903

100064904

100064905

100064906

100064907

100064908

100064909

100064910

100064911

100064912

100064913

100064914

100064915

100064916

100064917

100064918

100064919

100064920

100064921

100064922

100064923

100064924

100064925

100064926

100064927

100064928

100064929

100064930

100064931

100064932

100064933

100064934

100064935

100064936

100064937

100064938

100064939

100064940

100064941

100064942

100064943

100064944

100064945

100064946

100064947

100064948

100064949

100064950

100064951

100064952

100064953

100064954

100064955

100064956

100064957

100064958

100064959

100064960

100064961

100064962

100064963

100064964

100064965

100064966

100064967

100064968

100064969

100064970

100064971

100064972

100064973

100064974

100064975

100064976

100064977

100064978

100064979

100064980

100064981

100064982

100064983

100064984

100064985

100064986

100064987

100064988

100064989

100064990

100064991

100064992

100064993

100064994

100064995

100064996

100064997

100064998

100064999

100065000

100074201

100074202

100074203

100074204

100074205

100074206

100074207

100074208

100074209

100074210

100074211

100074212

100074213

100074214

100074215

100074216

100074217

100074218

100074219

100074220

100074221

100074222

100074223

100074224

100074225

100074226

100074227

100074228

100074229

100074230

100074231

100074232

100074233

100074234

100074235

100074236

100074237

100074238

100074239

100074240

100074241

100074242

100074243

100074244

100074245

100074246

100074247

100074248

100074249

100074250

100074251

100074252

100074253

100074254

100074255

100074256

100074257

100074258

100074259

100074260

100074261

100074262

100074263

100074264

100074265

100074266

100074267

100074268

100074269

100074270

100074271

100074272

100074273

100074274

100074275

100074276

100074277

100074278

100074279

100074280

100074281

100074282

100074283

100074284

100074285

100074286

100074287

100074288

100074289

100074290

100074291

100074292

100074293

100074294

100074295

100074296

100074297

100074298

100074299

100074300

100074401

100074402

100074403

100074404

100074405

100074406

100074407

100074408

100074409

100074410

100074411

100074412

100074413

100074414

100074415

100074416

100074417

100074418

100074419

100074420

100074421

100074422

100074423

100074424

100074425

100074426

100074427

100074428

100074429

100074430

100074431

100074432

100074433

100074434

100074435

100074436

100074437

100074438

100074439

100074440

100074441

100074442

100074443

100074444

100074445

100074446

100074447

100074448

100074449

100074450

100074451

100074452

100074453

100074454

100074455

100074456

100074457

100074458

100074459

100074460

100074461

100074462

100074463

100074464

100074465

100074466

100074467

100074468

100074469

100074470

100074471

100074472

100074473

100074474

100074475

100074476

100074477

100074478

100074479

100074480

100074481

100074482

100074483

100074484

100074485

100074486

100074487

100074488

100074489

100074490

100074491

100074492

100074493

100074494

100074495

100074496

100074497

100074498

100074499

100074500

100065001

100065002

100065003

100065004

100065005

100065006

100065007

100065008

100065009

100065010

100065011

100065012

100065013

100065014

100065015

100065016

100065017

100065018

100065019

100065020

100065021

100065022

100065023

100065024

100065025

100065026

100065027

100065028

100065029

100065030

100065031

100065032

100065033

100065034

100065035

100065036

100065037

100065038

100065039

100065040

100065041

100065042

100065043

100065044

100065045

100065046

100065047

100065048

100065049

100065050

100065051

100065052

100065053

100065054

100065055

100065056

100065057

100065058

100065059

100065060

100065061

100065062

100065063

100065064

100065065

100065066

100065067

100065068

100065069

100065070

100065071

100065072

100065073

100065074

100065075

100065076

100065077

100065078

100065079

100065080

100065081

100065082

100065083

100065084

100065085

100065086

100065087

100065088

100065089

100065090

100065091

100065092

100065093

100065094

100065095

100065096

100065097

100065098

100065099

100065100

100065101

100065102

100065103

100065104

100065105

100065106

100065107

100065108

100065109

100065110

100065111

100065112

100065113

100065114

100065115

100065116

100065117

100065118

100065119

100065120

100065121

100065122

100065123

100065124

100065125

100065126

100065127

100065128

100065129

100065130

100065131

100065132

100065133

100065134

100065135

100065136

100065137

100065138

100065139

100065140

100065141

100065142

100065143

100065144

100065145

100065146

100065147

100065148

100065149

100065150

100065151

100065152

100065153

100065154

100065155

100065156

100065157

100065158

100065159

100065160

100065161

100065162

100065163

100065164

100065165

100065166

100065167

100065168

100065169

100065170

100065171

100065172

100065173

100065174

100065175

100065176

100065177

100065178

100065179

100065180

100065181

100065182

100065183

100065184

100065185

100065186

100065187

100065188

100065189

100065190

100065191

100065192

100065193

100065194

100065195

100065196

100065197

100065198

100065199

100065200

100065201

100065202

100065203

100065204

100065205

100065206

100065207

100065208

100065209

100065210

100065211

100065212

100065213

100065214

100065215

100065216

100065217

100065218

100065219

100065220

100065221

100065222

100065223

100065224

100065225

100065226

100065227

100065228

100065229

100065230

100065231

100065232

100065233

100065234

100065235

100065236

100065237

100065238

100065239

100065240

100065241

100065242

100065243

100065244

100065245

100065246

100065247

100065248

100065249

100065250

100065251

100065252

100065253

100065254

100065255

100065256

100065257

100065258

100065259

100065260

100065261

100065262

100065263

100065264

100065265

100065266

100065267

100065268

100065269

100065270

100065271

100065272

100065273

100065274

100065275

100065276

100065277

100065278

100065279

100065280

100065281

100065282

100065283

100065284

100065285

100065286

100065287

100065288

100065289

100065290

100065291

100065292

100065293

100065294

100065295

100065296

100065297

100065298

100065299

100065300

100065301

100065302

100065303

100065304

100065305

100065306

100065307

100065308

100065309

100065310

100065311

100065312

100065313

100065314

100065315

100065316

100065317

100065318

100065319

100065320

100065321

100065322

100065323

100065324

100065325

100065326

100065327

100065328

100065329

100065330

100065331

100065332

100065333

100065334

100065335

100065336

100065337

100065338

100065339

100065340

100065341

100065342

100065343

100065344

100065345

100065346

100065347

100065348

100065349

100065350

100065351

100065352

100065353

100065354

100065355

100065356

100065357

100065358

100065359

100065360

100065361

100065362

100065363

100065364

100065365

100065366

100065367

100065368

100065369

100065370

100065371

100065372

100065373

100065374

100065375

100065376

100065377

100065378

100065379

100065380

100065381

100065382

100065383

100065384

100065385

100065386

100065387

100065388

100065389

100065390

100065391

100065392

100065393

100065394

100065395

100065396

100065397

100065398

100065399

100065400

100074501

100074502

100074503

100074504

100074505

100074506

100074507

100074508

100074509

100074510

100074511

100074512

100074513

100074514

100074515

100074516

100074517

100074518

100074519

100074520

100074521

100074522

100074523

100074524

100074525

100074526

100074527

100074528

100074529

100074530

100074531

100074532

100074533

100074534

100074535

100074536

100074537

100074538

100074539

100074540

100074541

100074542

100074543

100074544

100074545

100074546

100074547

100074548

100074549

100074550

100074551

100074552

100074553

100074554

100074555

100074556

100074557

100074558

100074559

100074560

100074561

100074562

100074563

100074564

100074565

100074566

100074567

100074568

100074569

100074570

100074571

100074572

100074573

100074574

100074575

100074576

100074577

100074578

100074579

100074580

100074581

100074582

100074583

100074584

100074585

100074586

100074587

100074588

100074589

100074590

100074591

100074592

100074593

100074594

100074595

100074596

100074597

100074598

100074599

100074600

100074601

100074602

100074603

100074604

100074605

100074606

100074607

100074608

100074609

100074610

100074611

100074612

100074613

100074614

100074615

100074616

100074617

100074618

100074619

100074620

100074621

100074622

100074623

100074624

100074625

100074626

100074627

100074628

100074629

100074630

100074631

100074632

100074633

100074634

100074635

100074636

100074637

100074638

100074639

100074640

100074641

100074642

100074643

100074644

100074645

100074646

100074647

100074648

100074649

100074650

100074651

100074652

100074653

100074654

100074655

100074656

100074657

100074658

100074659

100074660

100074661

100074662

100074663

100074664

100074665

100074666

100074667

100074668

100074669

100074670

100074671

100074672

100074673

100074674

100074675

100074676

100074677

100074678

100074679

100074680

100074681

100074682

100074683

100074684

100074685

100074686

100074687

100074688

100074689

100074690

100074691

100074692

100074693

100074694

100074695

100074696

100074697

100074698

100074699

100074700

100074701

100074702

100074703

100074704

100074705

100074706

100074707

100074708

100074709

100074710

100074711

100074712

100074713

100074714

100074715

100074716

100074717

100074718

100074719

100074720

100074721

100074722

100074723

100074724

100074725

100074726

100074727

100074728

100074729

100074730

100074731

100074732

100074733

100074734

100074735

100074736

100074737

100074738

100074739

100074740

100074741

100074742

100074743

100074744

100074745

100074746

100074747

100074748

100074749

100074750

100074751

100074752

100074753

100074754

100074755

100074756

100074757

100074758

100074759

100074760

100074761

100074762

100074763

100074764

100074765

100074766

100074767

100074768

100074769

100074770

100074771

100074772

100074773

100074774

100074775

100074776

100074777

100074778

100074779

100074780

100074781

100074782

100074783

100074784

100074785

100074786

100074787

100074788

100074789

100074790

100074791

100074792

100074793

100074794

100074795

100074796

100074797

100074798

100074799

100074800

100074801

100074802

100074803

100074804

100074805

100074806

100074807

100074808

100074809

100074810

100074811

100074812

100074813

100074814

100074815

100074816

100074817

100074818

100074819

100074820

100074821

100074822

100074823

100074824

100074825

100074826

100074827

100074828

100074829

100074830

100074831

100074832

100074833

100074834

100074835

100074836

100074837

100074838

100074839

100074840

100074841

100074842

100074843

100074844

100074845

100074846

100074847

100074848

100074849

100074850

100074851

100074852

100074853

100074854

100074855

100074856

100074857

100074858

100074859

100074860

100074861

100074862

100074863

100074864

100074865

100074866

100074867

100074868

100074869

100074870

100074871

100074872

100074873

100074874

100074875

100074876

100074877

100074878

100074879

100074880

100074881

100074882

100074883

100074884

100074885

100074886

100074887

100074888

100074889

100074890

100074891

100074892

100074893

100074894

100074895

100074896

100074897

100074898

100074899

100074900

100074901

100074902

100074903

100074904

100074905

100074906

100074907

100074908

100074909

100074910

100074911

100074912

100074913

100074914

100074915

100074916

100074917

100074918

100074919

100074920

100074921

100074922

100074923

100074924

100074925

100074926

100074927

100074928

100074929

100074930

100074931

100074932

100074933

100074934

100074935

100074936

100074937

100074938

100074939

100074940

100074941

100074942

100074943

100074944

100074945

100074946

100074947

100074948

100074949

100074950

100074951

100074952

100074953

100074954

100074955

100074956

100074957

100074958

100074959

100074960

100074961

100074962

100074963

100074964

100074965

100074966

100074967

100074968

100074969

100074970

100074971

100074972

100074973

100074974

100074975

100074976

100074977

100074978

100074979

100074980

100074981

100074982

100074983

100074984

100074985

100074986

100074987

100074988

100074989

100074990

100074991

100074992

100074993

100074994

100074995

100074996

100074997

100074998

100074999

100075000

100156501

100156502

100156503

100156504

100156505

100156506

100156507

100156508

100156509

100156510

100156511

100156512

100156513

100156514

100156515

100156516

100156517

100156518

100156519

100156520

100156521

100156522

100156523

100156524

100156525

100156526

100156527

100156528

100156529

100156530

100156531

100156532

100156533

100156534

100156535

100156536

100156537

100156538

100156539

100156540

100156541

100156542

100156543

100156544

100156545

100156546

100156547

100156548

100156549

100156550

100156551

100156552

100156553

100156554

100156555

100156556

100156557

100156558

100156559

100156560

100156561

100156562

100156563

100156564

100156565

100156566

100156567

100156568

100156569

100156570

100156571

100156572

100156573

100156574

100156575

100156576

100156577

100156578

100156579

100156580

100156581

100156582

100156583

100156584

100156585

100156586

100156587

100156588

100156589

100156590

100156591

100156592

100156593

100156594

100156595

100156596

100156597

100156598

100156599

100156600

100156601

100156602

100156603

100156604

100156605

100156606

100156607

100156608

100156609

100156610

100156611

100156612

100156613

100156614

100156615

100156616

100156617

100156618

100156619

100156620

100156621

100156622

100156623

100156624

100156625

100156626

100156627

100156628

100156629

100156630

100156631

100156632

100156633

100156634

100156635

100156636

100156637

100156638

100156639

100156640

100156641

100156642

100156643

100156644

100156645

100156646

100156647

100156648

100156649

100156650

100156651

100156652

100156653

100156654

100156655

100156656

100156657

100156658

100156659

100156660

100156661

100156662

100156663

100156664

100156665

100156666

100156667

100156668

100156669

100156670

100156671

100156672

100156673

100156674

100156675

100156676

100156677

100156678

100156679

100156680

100156681

100156682

100156683

100156684

100156685

100156686

100156687

100156688

100156689

100156690

100156691

100156692

100156693

100156694

100156695

100156696

100156697

100156698

100156699

100156700

100156701

100156702

100156703

100156704

100156705

100156706

100156707

100156708

100156709

100156710

100156711

100156712

100156713

100156714

100156715

100156716

100156717

100156718

100156719

100156720

100156721

100156722

100156723

100156724

100156725

100156726

100156727

100156728

100156729

100156730

100156731

100156732

100156733

100156734

100156735

100156736

100156737

100156738

100156739

100156740

100156741

100156742

100156743

100156744

100156745

100156746

100156747

100156748

100156749

100156750

100156751

100156752

100156753

100156754

100156755

100156756

100156757

100156758

100156759

100156760

100156761

100156762

100156763

100156764

100156765

100156766

100156767

100156768

100156769

100156770

100156771

100156772

100156773

100156774

100156775

100156776

100156777

100156778

100156779

100156780

100156781

100156782

100156783

100156784

100156785

100156786

100156787

100156788

100156789

100156790

100156791

100156792

100156793

100156794

100156795

100156796

100156797

100156798

100156799

100156800

100156801

100156802

100156803

100156804

100156805

100156806

100156807

100156808

100156809

100156810

100156811

100156812

100156813

100156814

100156815

100156816

100156817

100156818

100156819

100156820

100156821

100156822

100156823

100156824

100156825

100156826

100156827

100156828

100156829

100156830

100156831

100156832

100156833

100156834

100156835

100156836

100156837

100156838

100156839

100156840

100156841

100156842

100156843

100156844

100156845

100156846

100156847

100156848

100156849

100156850

100156851

100156852

100156853

100156854

100156855

100156856

100156857

100156858

100156859

100156860

100156861

100156862

100156863

100156864

100156865

100156866

100156867

100156868

100156869

100156870

100156871

100156872

100156873

100156874

100156875

100156876

100156877

100156878

100156879

100156880

100156881

100156882

100156883

100156884

100156885

100156886

100156887

100156888

100156889

100156890

100156891

100156892

100156893

100156894

100156895

100156896

100156897

100156898

100156899

100156900

100156901

100156902

100156903

100156904

100156905

100156906

100156907

100156908

100156909

100156910

100156911

100156912

100156913

100156914

100156915

100156916

100156917

100156918

100156919

100156920

100156921

100156922

100156923

100156924

100156925

100156926

100156927

100156928

100156929

100156930

100156931

100156932

100156933

100156934

100156935

100156936

100156937

100156938

100156939

100156940

100156941

100156942

100156943

100156944

100156945

100156946

100156947

100156948

100156949

100156950

100156951

100156952

100156953

100156954

100156955

100156956

100156957

100156958

100156959

100156960

100156961

100156962

100156963

100156964

100156965

100156966

100156967

100156968

100156969

100156970

100156971

100156972

100156973

100156974

100156975

100156976

100156977

100156978

100156979

100156980

100156981

100156982

100156983

100156984

100156985

100156986

100156987

100156988

100156989

100156990

100156991

100156992

100156993

100156994

100156995

100156996

100156997

100156998

100156999

100157000

100060501

100060502

100060503

100060504

100060505

100060506

100060507

100060508

100060509

100060510

100060511

100060512

100060513

100060514

100060515

100060516

100060517

100060518

100060519

100060520

100060521

100060522

100060523

100060524

100060525

100060526

100060527

100060528

100060529

100060530

100060531

100060532

100060533

100060534

100060535

100060536

100060537

100060538

100060539

100060540

100060541

100060542

100060543

100060544

100060545

100060546

100060547

100060548

100060549

100060550

100060551

100060552

100060553

100060554

100060555

100060556

100060557

100060558

100060559

100060560

100060561

100060562

100060563

100060564

100060565

100060566

100060567

100060568

100060569

100060570

100060571

100060572

100060573

100060574

100060575

100060576

100060577

100060578

100060579

100060580

100060581

100060582

100060583

100060584

100060585

100060586

100060587

100060588

100060589

100060590

100060591

100060592

100060593

100060594

100060595

100060596

100060597

100060598

100060599

100060600

100060601

100060602

100060603

100060604

100060605

100060606

100060607

100060608

100060609

100060610

100060611

100060612

100060613

100060614

100060615

100060616

100060617

100060618

100060619

100060620

100060621

100060622

100060623

100060624

100060625

100060626

100060627

100060628

100060629

100060630

100060631

100060632

100060633

100060634

100060635

100060636

100060637

100060638

100060639

100060640

100060641

100060642

100060643

100060644

100060645

100060646

100060647

100060648

100060649

100060650

100060651

100060652

100060653

100060654

100060655

100060656

100060657

100060658

100060659

100060660

100060661

100060662

100060663

100060664

100060665

100060666

100060667

100060668

100060669

100060670

100060671

100060672

100060673

100060674

100060675

100060676

100060677

100060678

100060679

100060680

100060681

100060682

100060683

100060684

100060685

100060686

100060687

100060688

100060689

100060690

100060691

100060692

100060693

100060694

100060695

100060696

100060697

100060698

100060699

100060700

100060701

100060702

100060703

100060704

100060705

100060706

100060707

100060708

100060709

100060710

100060711

100060712

100060713

100060714

100060715

100060716

100060717

100060718

100060719

100060720

100060721

100060722

100060723

100060724

100060725

100060726

100060727

100060728

100060729

100060730

100060731

100060732

100060733

100060734

100060735

100060736

100060737

100060738

100060739

100060740

100060741

100060742

100060743

100060744

100060745

100060746

100060747

100060748

100060749

100060750

100060751

100060752

100060753

100060754

100060755

100060756

100060757

100060758

100060759

100060760

100060761

100060762

100060763

100060764

100060765

100060766

100060767

100060768

100060769

100060770

100060771

100060772

100060773

100060774

100060775

100060776

100060777

100060778

100060779

100060780

100060781

100060782

100060783

100060784

100060785

100060786

100060787

100060788

100060789

100060790

100060791

100060792

100060793

100060794

100060795

100060796

100060797

100060798

100060799

100060800

100060801

100060802

100060803

100060804

100060805

100060806

100060807

100060808

100060809

100060810

100060811

100060812

100060813

100060814

100060815

100060816

100060817

100060818

100060819

100060820

100060821

100060822

100060823

100060824

100060825

100060826

100060827

100060828

100060829

100060830

100060831

100060832

100060833

100060834

100060835

100060836

100060837

100060838

100060839

100060840

100060841

100060842

100060843

100060844

100060845

100060846

100060847

100060848

100060849

100060850

100060851

100060852

100060853

100060854

100060855

100060856

100060857

100060858

100060859

100060860

100060861

100060862

100060863

100060864

100060865

100060866

100060867

100060868

100060869

100060870

100060871

100060872

100060873

100060874

100060875

100060876

100060877

100060878

100060879

100060880

100060881

100060882

100060883

100060884

100060885

100060886

100060887

100060888

100060889

100060890

100060891

100060892

100060893

100060894

100060895

100060896

100060897

100060898

100060899

100060900

100060901

100060902

100060903

100060904

100060905

100060906

100060907

100060908

100060909

100060910

100060911

100060912

100060913

100060914

100060915

100060916

100060917

100060918

100060919

100060920

100060921

100060922

100060923

100060924

100060925

100060926

100060927

100060928

100060929

100060930

100060931

100060932

100060933

100060934

100060935

100060936

100060937

100060938

100060939

100060940

100060941

100060942

100060943

100060944

100060945

100060946

100060947

100060948

100060949

100060950

100060951

100060952

100060953

100060954

100060955

100060956

100060957

100060958

100060959

100060960

100060961

100060962

100060963

100060964

100060965

100060966

100060967

100060968

100060969

100060970

100060971

100060972

100060973

100060974

100060975

100060976

100060977

100060978

100060979

100060980

100060981

100060982

100060983

100060984

100060985

100060986

100060987

100060988

100060989

100060990

100060991

100060992

100060993

100060994

100060995

100060996

100060997

100060998

100060999

100061000
